0.6  0.356841
0.61  0.355393
0.62  0.353956
0.63  0.352541
0.64  0.351149
0.65  0.349779
0.66  0.34843
0.67  0.347102
0.68  0.345794
0.69  0.344505
0.7  0.343236
0.71  0.341985
0.72  0.340753
0.73  0.339538
0.74  0.33834
0.75  0.337159
0.76  0.335995
0.77  0.334847
0.78  0.333715
0.79  0.332598
0.8  0.331496
0.81  0.330408
0.82  0.329335
0.83  0.328276
0.84  0.327231
0.85  0.326199
0.86  0.32518
0.87  0.324174
0.88  0.32318
0.89  0.322199
0.9  0.321229
0.91  0.320272
0.92  0.319326
0.93  0.318391
0.94  0.317467
0.95  0.316554
0.96  0.315652
0.97  0.31476
0.98  0.313878
0.99  0.313006
1  0.312144
1.01  0.311291
1.02  0.310448
1.03  0.309614
1.04  0.308789
1.05  0.307974
1.06  0.307166
1.07  0.306368
1.08  0.305577
1.09  0.304795
1.1  0.304021
1.11  0.303255
1.12  0.302497
1.13  0.301746
1.14  0.301003
1.15  0.300268
1.16  0.29954
1.17  0.298818
1.18  0.298104
1.19  0.297397
1.2  0.296696
1.21  0.296003
1.22  0.295315
1.23  0.294635
1.24  0.29396
1.25  0.293292
1.26  0.29263
1.27  0.291974
1.28  0.291324
1.29  0.29068
1.3  0.290042
1.31  0.289409
1.32  0.288782
1.33  0.28816
1.34  0.287544
1.35  0.286933
1.36  0.286328
1.37  0.285728
1.38  0.285132
1.39  0.284542
1.4  0.283957
1.41  0.283376
1.42  0.282801
1.43  0.28223
1.44  0.281664
1.45  0.281102
1.46  0.280545
1.47  0.279992
1.48  0.279444
1.49  0.2789
1.5  0.278361
1.51  0.277825
1.52  0.277294
1.53  0.276767
1.54  0.276244
1.55  0.275725
1.56  0.27521
1.57  0.274699
1.58  0.274192
1.59  0.273689
1.6  0.273189
1.61  0.272693
1.62  0.272201
1.63  0.271712
1.64  0.271227
1.65  0.270745
1.66  0.270267
1.67  0.269792
1.68  0.269321
1.69  0.268852
1.7  0.268388
1.71  0.267926
1.72  0.267468
1.73  0.267013
1.74  0.266561
1.75  0.266112
1.76  0.265666
1.77  0.265223
1.78  0.264784
1.79  0.264347
1.8  0.263913
1.81  0.263482
1.82  0.263054
1.83  0.262628
1.84  0.262206
1.85  0.261786
1.86  0.261369
1.87  0.260955
1.88  0.260543
1.89  0.260134
1.9  0.259727
1.91  0.259323
1.92  0.258922
1.93  0.258523
1.94  0.258127
1.95  0.257733
1.96  0.257342
1.97  0.256953
1.98  0.256566
1.99  0.256182
2  0.2558
2.01  0.25542
2.02  0.255043
2.03  0.254668
2.04  0.254295
2.05  0.253924
2.06  0.253556
2.07  0.253189
2.08  0.252825
2.09  0.252463
2.1  0.252103
2.11  0.251745
2.12  0.25139
2.13  0.251036
2.14  0.250684
2.15  0.250334
2.16  0.249987
2.17  0.249641
2.18  0.249297
2.19  0.248955
2.2  0.248615
2.21  0.248277
2.22  0.247941
2.23  0.247606
2.24  0.247274
2.25  0.246943
2.26  0.246614
2.27  0.246287
2.28  0.245961
2.29  0.245637
2.3  0.245315
2.31  0.244995
2.32  0.244677
2.33  0.24436
2.34  0.244044
2.35  0.243731
2.36  0.243419
2.37  0.243108
2.38  0.2428
2.39  0.242493
2.4  0.242187
2.41  0.241883
2.42  0.24158
2.43  0.24128
2.44  0.24098
2.45  0.240682
2.46  0.240386
2.47  0.240091
2.48  0.239797
2.49  0.239505
2.5  0.239215
2.51  0.238926
2.52  0.238638
2.53  0.238352
2.54  0.238067
2.55  0.237783
2.56  0.237501
2.57  0.23722
2.58  0.23694
2.59  0.236662
2.6  0.236386
2.61  0.23611
2.62  0.235836
2.63  0.235563
2.64  0.235291
2.65  0.235021
2.66  0.234752
